2449,0,13:53:18,35.556,139.655,-0.072,0.016,0.037,78.4,0,0
2656,0,13:53:18,35.556,139.655,-0.02,0.007,-0.001,8.54,0,0
2861,0,13:53:19,35.556,139.655,-0.063,0.037,0.087,6.28,0,0
3166,0,13:53:19,35.556,139.655,-0.02,0.01,0.0,0.0,0,0
3376,0,13:53:19,35.556,139.655,-0.011,0.002,-0.002,69.28,0,0
3581,0,13:53:19,35.556,139.655,-0.011,0.006,0.001,16.08,0,0
3788,0,13:53:20,35.556,139.655,-0.01,0.002,0.001,16.99,0,0
3996,0,13:53:20,35.556,139.655,-0.009,0.0,0.0,17.04,0,0
4202,0,13:53:20,35.556,139.655,0.002,0.003,0.0,17.54,0,0
4409,0,13:53:20,35.556,139.655,0.001,0.004,-0.002,15.79,0,0
4617,0,13:53:20,35.556,139.655,0.001,-0.006,0.001,17.08,0,0
4823,0,13:53:21,35.556,139.655,0.004,-0.001,0.0,16.15,0,0
5030,0,13:53:21,35.556,139.655,-0.001,0.003,0.001,16.14,0,0
5238,0,13:53:21,35.556,139.655,-0.002,0.028,-0.002,15.82,0,0
5443,0,13:53:21,35.556,139.655,0.992,0.028,0.029,8.13,0,0
5650,0,13:53:21,35.556,139.655,0.191,0.053,0.129,5.36,0,0
5868,0,13:53:22,35.555,139.655,0.58,0.103,0.163,4.74,0,0
6073,0,13:53:22,35.555,139.655,-0.46,0.124,0.313,4.68,0,0
6279,0,13:53:22,35.555,139.655,-0.403,0.207,0.399,4.18,0,0
6484,0,13:53:22,35.555,139.655,-0.088,-0.027,-0.073,5.89,0,0
6692,0,13:53:23,35.556,139.655,-1.156,0.181,-0.538,15.36,0,0
6898,0,13:53:23,35.556,139.655,0.1,-0.014,0.003,14.63,0,0
7106,0,13:53:23,35.556,139.655,0.063,-0.108,-0.019,14.68,0,0
7311,0,13:53:23,35.556,139.655,0.58,-0.01,0.02,16.72,0,0
7520,0,13:53:23,35.556,139.655,0.464,-0.041,0.296,67.29,0,0
7729,0,13:53:24,35.556,139.655,0.449,0.072,0.193,70.55,0,0
7946,0,13:53:24,35.556,139.655,0.016,0.018,0.076,182.14,0,0
8158,0,13:53:24,35.556,139.655,-0.311,-0.098,-0.221,71.1,0,0
8369,0,13:53:24,35.556,139.655,0.144,-0.117,-0.169,71.66,0,0
8581,0,13:53:24,35.556,139.655,-0.316,-0.062,-0.098,133.19,0,0
8791,0,13:53:25,35.556,139.655,-0.124,-0.003,-0.443,67.79,0,0
9001,0,13:53:25,35.556,139.655,-0.32,0.332,-0.584,64.85,0,0
9212,0,13:53:25,35.556,139.655,0.638,-0.026,0.102,65.43,0,0
9420,0,13:53:25,35.556,139.655,0.161,0.04,-0.104,68.13,0,0
9627,0,13:53:25,35.556,139.655,-0.039,0.051,-0.059,23.93,0,0
9839,0,13:53:26,35.556,139.655,-0.152,-0.031,-0.148,80.54,0,0
10052,0,13:53:26,35.556,139.655,-0.067,-0.221,0.194,80.22,0,0
10261,0,13:53:26,35.556,139.655,3.367,0.184,0.11,20.79,0,0
10472,0,13:53:26,35.556,139.655,-0.001,0.006,0.007,89.59,0,0
10685,0,13:53:27,35.556,139.655,0.007,-0.001,0.008,117.05,0,0
10895,0,13:53:27,35.556,139.655,0.004,0.0,0.001,68.06,0,0
11106,0,13:53:27,35.556,139.655,0.001,0.003,0.002,68.83,0,0
11316,0,13:53:27,35.556,139.655,0.0,-0.002,0.0,67.99,0,0
11526,0,13:53:27,35.556,139.655,-0.004,0.002,-0.002,68.34,0,0
11736,0,13:53:28,35.556,139.655,0.0,-0.001,0.0,69.71,0,0
11948,0,13:53:28,35.556,139.655,0.003,-0.003,0.002,69.33,0,0
12158,0,13:53:28,35.556,139.655,-0.006,0.0,0.001,68.38,0,0
12368,0,13:53:28,35.556,139.655,0.002,0.002,0.001,68.18,0,0
12578,0,13:53:28,35.556,139.655,0.004,0.0,0.001,68.81,0,0
12789,1,13:53:29,35.556,139.655,0.002,0.001,0.0,70.91,0,0
13000,1,13:53:29,35.556,139.655,0.0,-0.002,0.001,70.89,0,0
13210,1,13:53:29,35.556,139.655,0.002,-0.001,0.001,70.14,0,0
13420,1,13:53:29,35.556,139.655,0.001,0.001,-0.001,69.68,0,0
13630,1,13:53:29,35.556,139.655,-0.001,0.0,0.0,70.53,0,0
13841,1,13:53:30,35.556,139.655,0.0,-0.001,-0.001,69.66,0,0
14052,1,13:53:30,35.556,139.655,-0.004,0.0,0.003,70.54,0,0
14263,1,13:53:30,35.556,139.655,0.0,-0.002,0.0,70.17,0,0
14473,1,13:53:30,35.556,139.655,0.0,0.001,0.0,74.27,0,0
14683,1,13:53:31,35.556,139.655,0.0,0.002,-0.002,70.99,0,0
14893,1,13:53:31,35.556,139.655,-0.001,-0.001,-0.001,70.09,0,0
15104,1,13:53:31,35.556,139.655,0.0,-0.001,-0.001,68.94,0,0
15314,1,13:53:31,35.556,139.655,-0.001,-0.001,0.0,70.15,0,0
15524,1,13:53:31,35.556,139.655,0.001,-0.001,0.001,70.52,0,0
15733,1,13:53:32,35.556,139.655,-0.001,0.001,0.001,70.5,0,0
15944,1,13:53:32,35.556,139.655,0.001,0.004,0.0,69.78,0,0
16155,1,13:53:32,35.556,139.655,-0.002,0.002,0.0,70.99,0,0
16366,1,13:53:32,35.556,139.655,-0.002,-0.002,0.0,70.56,0,0
16576,1,13:53:32,35.556,139.655,-0.002,0.001,0.001,73.91,0,0
16786,1,13:53:33,35.556,139.655,-0.002,0.001,0.001,71.08,0,0
16997,1,13:53:33,35.556,139.655,0.001,0.0,0.001,70.09,0,0
17208,1,13:53:33,35.556,139.655,0.002,-0.004,-0.002,70.18,0,0
17418,1,13:53:33,35.556,139.655,-0.002,0.002,-0.001,69.29,0,0
17628,1,13:53:33,35.556,139.655,-0.001,0.001,-0.002,72.71,0,0
17839,1,13:53:34,35.556,139.655,0.001,-0.002,0.0,71.48,0,0
18051,1,13:53:34,35.556,139.655,-0.001,-0.002,0.002,71.87,0,0
18261,1,13:53:34,35.556,139.655,-0.001,-0.003,0.001,80.38,0,0
18471,1,13:53:34,35.556,139.655,0.001,-0.001,-0.001,74.35,0,0
18681,1,13:53:35,35.556,139.655,0.0,-0.003,-0.001,69.74,0,0
18892,1,13:53:35,35.556,139.655,0.0,-0.001,-0.001,72.78,0,0
19102,1,13:53:35,35.556,139.655,0.001,0.002,0.001,74.92,0,0
19315,1,13:53:35,35.556,139.655,0.001,-0.001,0.001,75.27,0,0
19524,1,13:53:35,35.556,139.655,-0.001,0.002,0.0,73.45,0,0
19733,1,13:53:36,35.556,139.655,0.0,-0.001,-0.002,70.63,0,0
19944,1,13:53:36,35.556,139.655,0.0,-0.001,-0.001,71.87,0,0
20154,1,13:53:36,35.556,139.655,-0.002,0.004,-0.001,76.45,0,0
20365,1,13:53:36,35.556,139.655,-0.001,0.0,0.0,74.44,0,0
20574,1,13:53:36,35.556,139.655,-0.002,0.0,0.0,73.14,0,0
20785,1,13:53:37,35.556,139.655,-0.003,-0.002,0.002,73.16,0,0
20996,1,13:53:37,35.556,139.655,0.002,-0.002,-0.001,72.62,0,0
21206,1,13:53:37,35.556,139.655,0.003,-0.001,0.001,75.69,0,0
21416,1,13:53:37,35.556,139.655,0.0,0.001,-0.002,70.99,0,0
21626,1,13:53:37,35.556,139.655,0.002,-0.001,0.001,70.97,0,0
21838,1,13:53:38,35.556,139.655,0.0,0.006,-0.003,74.01,0,0
22048,1,13:53:38,35.556,139.655,0.001,-0.002,0.001,73.55,0,0
22258,1,13:53:38,35.556,139.655,0.0,0.003,0.0,74.42,0,0
22468,1,13:53:38,35.556,139.655,-0.001,0.003,0.001,73.13,0,0
22679,1,13:53:39,35.556,139.655,-0.002,-0.001,-0.002,76.86,0,0
22890,1,13:53:39,35.556,139.655,-0.002,0.002,-0.003,71.37,0,0
23100,1,13:53:39,35.556,139.655,0.001,0.001,0.0,73.54,0,0
23310,1,13:53:39,35.556,139.655,-0.002,0.002,0.001,71.47,0,0
23520,1,13:53:39,35.556,139.655,0.0,0.0,0.0,73.01,0,0
23731,1,13:53:40,35.556,139.655,0.008,0.0,-0.001,74.4,0,0
23942,1,13:53:40,35.556,139.655,0.004,0.006,-0.001,74.0,0,0
24153,1,13:53:40,35.556,139.655,-0.004,0.003,0.002,72.69,0,0
24375,1,13:53:40,35.556,139.655,0.008,0.007,0.002,73.63,0,0
24583,1,13:53:40,35.556,139.655,-0.01,-0.002,0.003,74.88,0,0
24793,1,13:53:41,35.556,139.655,-0.003,-0.003,0.001,73.98,0,0
25004,1,13:53:41,35.556,139.655,0.003,0.003,-0.001,77.37,0,0
25216,1,13:53:41,35.556,139.655,-0.001,-0.001,0.001,72.7,0,0
25425,1,13:53:41,35.556,139.655,0.0,-0.002,-0.001,74.42,0,0
25635,1,13:53:41,35.556,139.655,0.0,-0.004,0.001,73.18,0,0
25845,1,13:53:42,35.556,139.655,-0.008,0.0,0.001,73.07,0,0
26056,1,13:53:42,35.556,139.655,0.006,0.0,0.0,75.73,0,0
26267,1,13:53:42,35.556,139.655,-0.002,-0.001,0.0,74.3,0,0
26476,1,13:53:42,35.556,139.655,-0.017,-0.004,0.003,73.58,0,0
26687,1,13:53:43,35.556,139.655,-0.017,-0.001,0.004,73.96,0,0
26898,1,13:53:43,35.556,139.655,0.007,0.009,0.008,73.95,0,0
27108,1,13:53:43,35.556,139.655,-0.004,-0.001,0.003,73.92,0,0
27318,1,13:53:43,35.556,139.655,0.001,-0.006,0.0,72.63,0,0
27528,1,13:53:43,35.556,139.655,-0.003,-0.003,-0.001,75.34,0,0
27739,1,13:53:44,35.555,139.655,-0.001,-0.003,-0.002,75.72,0,0
27951,1,13:53:44,35.555,139.655,0.008,0.0,-0.002,75.7,0,0
28161,1,13:53:44,35.555,139.655,0.006,-0.001,-0.001,76.11,0,0
28371,1,13:53:44,35.555,139.655,0.002,-0.002,-0.001,74.8,0,0
28581,1,13:53:44,35.555,139.655,-0.006,-0.003,0.001,75.74,0,0
28791,1,13:53:45,35.555,139.655,0.009,-0.003,-0.002,75.79,0,0
29002,1,13:53:45,35.555,139.655,0.006,-0.002,-0.004,76.51,0,0
29213,1,13:53:45,35.555,139.655,0.013,-0.002,0.0,74.54,0,0
29422,1,13:53:45,35.555,139.655,-0.008,-0.001,0.0,75.2,0,0
29633,1,13:53:45,35.555,139.655,-0.003,-0.003,0.0,76.96,0,0
29844,1,13:53:46,35.555,139.655,0.001,0.0,0.0,77.42,0,0
30055,1,13:53:46,35.555,139.655,0.002,0.001,-0.002,73.97,0,0
30264,1,13:53:46,35.555,139.655,0.001,-0.002,0.0,75.64,0,0
30474,1,13:53:46,35.555,139.655,0.0,-0.001,0.001,70.98,0,0
30684,1,13:53:47,35.555,139.655,0.0,-0.001,0.001,76.5,0,0
30897,1,13:53:47,35.555,139.655,0.0,-0.003,-0.002,76.45,0,0
31107,1,13:53:47,35.555,139.655,0.0,-0.002,0.0,74.52,0,0
31317,1,13:53:47,35.555,139.655,0.001,0.001,-0.001,75.35,0,0
31526,1,13:53:47,35.555,139.655,0.0,-0.002,0.003,75.71,0,0
31736,1,13:53:48,35.555,139.655,0.001,-0.001,0.0,74.54,0,0
31947,1,13:53:48,35.555,139.655,-0.001,-0.001,-0.002,75.63,0,0
32159,1,13:53:48,35.555,139.655,0.0,0.003,0.0,76.54,0,0
32369,1,13:53:48,35.555,139.655,0.0,0.001,0.001,74.96,0,0
32579,1,13:53:48,35.555,139.655,0.001,0.0,0.001,75.29,0,0
32789,1,13:53:49,35.555,139.655,0.0,-0.001,0.0,76.22,0,0
33001,1,13:53:49,35.555,139.655,0.001,0.0,0.002,76.24,0,0
33211,1,13:53:49,35.555,139.655,0.001,-0.002,0.002,75.33,0,0
33421,1,13:53:49,35.555,139.655,-0.001,0.002,-0.001,74.49,0,0
33631,1,13:53:49,35.555,139.655,-0.002,0.001,0.0,75.26,0,0
493524,1,13:53:50,35.555,139.655,-0.001,-0.002,0.0,76.57,0,0
493737,1,13:53:50,35.555,139.655,0.0,0.0,0.002,76.14,0,0
493947,1,13:53:50,35.555,139.655,0.001,-0.002,0.0,75.66,0,0
494157,1,13:53:50,35.555,139.655,0.002,0.002,0.0,74.96,0,0
494367,1,13:53:51,35.555,139.655,0.0,-0.002,0.001,77.07,0,0
494581,1,13:53:51,35.555,139.655,-0.002,0.001,0.001,74.38,0,0
494792,1,13:53:51,35.555,139.655,-0.001,0.001,0.001,76.69,0,0
495001,1,13:53:51,35.555,139.655,0.002,-0.006,0.001,75.79,0,0
495210,1,13:53:51,35.555,139.655,0.002,0.003,-0.001,75.27,0,0
495424,1,13:53:52,35.555,139.655,-0.002,0.001,-0.001,101.37,0,0
495636,1,13:53:52,35.555,139.655,-0.006,0.002,-0.001,74.11,0,0
495850,1,13:53:52,35.555,139.655,0.0,0.003,-0.001,74.45,0,0
496061,1,13:53:52,35.555,139.655,0.0,0.0,-0.002,74.83,0,0
496271,1,13:53:52,35.555,139.655,-0.001,0.066,-0.027,77.01,0,0
496481,1,13:53:53,35.555,139.655,0.002,-0.001,0.0,76.99,0,0
496691,1,13:53:53,35.555,139.655,0.006,0.0,0.001,76.2,0,0
496902,1,13:53:53,35.555,139.655,-0.012,-0.002,0.002,77.0,0,0
497112,1,13:53:53,35.555,139.655,-0.002,-0.003,0.001,76.24,0,0
497322,1,13:53:53,35.555,139.655,-0.001,0.0,0.0,73.66,0,0
497534,1,13:53:54,35.555,139.655,0.0,-0.002,-0.002,76.14,0,0
497744,1,13:53:54,35.555,139.655,0.001,-0.003,0.0,77.5,0,0
497954,1,13:53:54,35.555,139.655,0.001,0.002,0.001,78.29,0,0
498163,1,13:53:54,35.555,139.655,0.0,0.0,-0.001,70.89,0,0
498373,1,13:53:55,35.555,139.655,-0.001,-0.001,0.0,70.54,0,0
498584,1,13:53:55,35.555,139.655,0.003,0.001,0.0,68.51,0,0
498794,1,13:53:55,35.555,139.655,0.002,-0.002,0.0,69.27,0,0
499006,1,13:53:55,35.555,139.655,0.0,-0.002,0.001,86.02,0,0
499216,1,13:53:55,35.555,139.655,0.0,-0.002,0.002,76.13,0,0
499426,1,13:53:56,35.555,139.655,0.0,-0.001,0.0,75.82,0,0
499636,1,13:53:56,35.555,139.655,0.003,0.0,-0.001,75.36,0,0
499848,1,13:53:56,35.555,139.655,-0.001,-0.001,0.002,75.32,0,0
500057,1,13:53:56,35.555,139.655,0.002,-0.004,0.002,74.91,0,0
500267,1,13:53:56,35.555,139.655,0.002,-0.006,0.001,75.27,0,0
500478,1,13:53:57,35.555,139.655,0.0,0.002,0.002,75.31,0,0
500688,1,13:53:57,35.555,139.655,0.0,0.0,0.0,75.25,0,0
500899,1,13:53:57,35.555,139.655,0.001,-0.002,-0.001,74.86,0,0
501109,1,13:53:57,35.555,139.655,0.0,0.001,-0.001,74.08,0,0
501319,1,13:53:57,35.555,139.655,0.001,-0.001,-0.001,75.21,0,0
501530,1,13:53:58,35.555,139.655,0.001,-0.001,0.0,75.29,0,0
501741,1,13:53:58,35.555,139.655,0.0,0.002,0.0,75.35,0,0
501951,1,13:53:58,35.555,139.655,0.0,-0.001,0.0,74.98,0,0
502161,1,13:53:58,35.555,139.655,0.0,-0.002,-0.001,75.24,0,0
502372,1,13:53:59,35.555,139.655,0.001,0.003,-0.001,81.07,0,0
502582,1,13:53:59,35.555,139.655,0.001,0.0,-0.002,74.42,0,0
502792,1,13:53:59,35.555,139.655,0.001,0.0,0.001,73.58,0,0
503002,1,13:53:59,35.555,139.655,-0.001,-0.001,0.001,74.48,0,0
503212,1,13:53:59,35.555,139.655,0.001,-0.001,0.001,73.97,0,0
503423,1,13:54:00,35.555,139.655,-0.001,0.0,0.0,75.67,0,0
503634,1,13:54:00,35.555,139.655,0.002,-0.001,-0.001,74.85,0,0
503845,1,13:54:00,35.555,139.655,0.0,-0.006,0.002,74.5,0,0
504055,1,13:54:00,35.555,139.655,0.001,0.001,0.002,75.28,0,0
504266,1,13:54:00,35.555,139.655,0.0,0.002,0.001,75.4,0,0
504476,1,13:54:01,35.555,139.655,0.002,0.0,0.001,76.94,0,0
504687,1,13:54:01,35.555,139.655,0.0,0.001,0.001,75.77,0,0
504897,1,13:54:01,35.555,139.655,-0.001,0.0,0.002,75.78,0,0
505107,1,13:54:01,35.555,139.655,-0.001,0.003,-0.002,74.58,0,0
505318,1,13:54:01,35.555,139.655,0.0,0.004,0.0,77.0,0,0
505528,1,13:54:02,35.556,139.655,-0.001,0.002,-0.002,77.07,0,0
505741,1,13:54:02,35.556,139.655,0.001,0.001,-0.001,76.61,0,0
505957,1,13:54:02,35.556,139.655,-0.001,0.003,0.0,75.33,0,0
506168,1,13:54:02,35.556,139.655,0.0,0.001,0.0,75.72,0,0
506379,1,13:54:03,35.556,139.655,0.0,-0.003,0.0,77.02,0,0
506590,1,13:54:03,35.556,139.655,0.0,0.001,0.0,74.51,0,0
506801,1,13:54:03,35.556,139.655,0.0,0.002,0.0,76.21,0,0
507011,1,13:54:03,35.556,139.655,-0.001,-0.001,0.0,76.0,0,0
507221,2,13:54:03,35.556,139.655,-0.001,0.002,0.002,75.32,0,0
507432,2,13:54:04,35.556,139.655,0.001,-0.001,0.002,76.59,0,0
507643,2,13:54:04,35.556,139.655,0.001,-0.003,0.001,74.81,0,0
507853,2,13:54:04,35.556,139.655,-0.002,-0.001,0.0,75.26,0,0
508064,2,13:54:04,35.556,139.655,0.0,-0.002,0.001,75.3,0,0
508274,2,13:54:04,35.556,139.655,-0.002,0.001,0.001,75.79,0,0
508484,2,13:54:05,35.556,139.655,0.001,-0.001,-0.001,76.49,0,0
508694,2,13:54:05,35.556,139.655,0.0,0.001,0.002,74.84,0,0
508905,2,13:54:05,35.556,139.655,0.001,-0.002,0.001,74.91,0,0
509114,2,13:54:05,35.556,139.655,-0.001,0.002,-0.001,75.31,0,0
509325,2,13:54:05,35.556,139.655,0.0,0.003,-0.002,74.5,0,0
509536,2,13:54:06,35.556,139.655,0.001,-0.003,0.002,74.5,0,0
509746,2,13:54:06,35.556,139.655,0.0,-0.002,-0.001,74.41,0,0
509956,2,13:54:06,35.556,139.655,-0.002,0.002,0.003,75.31,0,0
510166,2,13:54:06,35.556,139.655,0.0,-0.001,0.002,76.68,0,0
510377,2,13:54:07,35.556,139.655,-0.002,0.0,-0.001,74.92,0,0
510588,2,13:54:07,35.556,139.655,0.0,0.002,-0.001,75.42,0,0
510799,2,13:54:07,35.556,139.655,-0.002,0.002,-0.001,76.61,0,0
511009,2,13:54:07,35.556,139.655,0.0,-0.003,0.001,77.08,0,0
511226,2,13:54:07,35.556,139.655,0.0,-0.002,0.0,74.92,0,0
511437,2,13:54:08,35.556,139.655,0.002,-0.001,0.001,75.73,0,0
511649,2,13:54:08,35.556,139.655,0.0,0.0,0.002,74.95,0,0
511860,2,13:54:08,35.556,139.655,0.0,0.003,-0.001,75.82,0,0
512071,2,13:54:08,35.556,139.655,0.001,0.001,-0.001,77.35,0,0
512281,2,13:54:08,35.556,139.655,0.0,0.004,0.0,76.68,0,0
512492,2,13:54:09,35.556,139.655,-0.001,0.0,0.0,75.32,0,0
512705,2,13:54:09,35.556,139.655,0.002,-0.002,-0.001,68.41,0,0
512917,2,13:54:09,35.556,139.655,0.0,0.0,0.001,74.42,0,0
513127,2,13:54:09,35.556,139.655,0.002,0.0,0.0,75.32,0,0
513336,2,13:54:09,35.556,139.655,0.001,-0.003,0.002,75.74,0,0
513545,2,13:54:10,35.556,139.655,-0.001,0.001,0.0,73.57,0,0
513754,2,13:54:10,35.556,139.655,0.001,0.002,0.0,75.72,0,0
513964,2,13:54:10,35.556,139.655,0.0,0.002,0.0,74.81,0,0
514174,2,13:54:10,35.556,139.655,0.0,0.0,0.001,74.48,0,0
514385,2,13:54:11,35.556,139.655,-0.004,-0.001,0.001,76.05,0,0
514595,2,13:54:11,35.556,139.655,-0.012,0.001,0.002,75.26,0,0
514807,2,13:54:11,35.556,139.655,-0.004,0.004,0.001,75.85,0,0
515018,2,13:54:11,35.556,139.655,-0.001,0.003,0.001,76.6,0,0
515227,2,13:54:11,35.556,139.655,-0.001,0.0,-0.001,74.51,0,0
515438,2,13:54:12,35.556,139.655,0.003,-0.003,0.0,76.95,0,0
515648,2,13:54:12,35.556,139.655,-0.001,0.003,0.002,74.85,0,0
515859,2,13:54:12,35.556,139.655,-0.001,0.001,0.002,76.19,0,0
516069,2,13:54:12,35.556,139.655,0.002,0.002,0.001,74.55,0,0
516279,2,13:54:12,35.556,139.655,-0.002,0.002,0.002,76.24,0,0
516491,2,13:54:13,35.556,139.655,-0.001,0.003,-0.001,76.58,0,0
516701,2,13:54:13,35.556,139.655,-0.002,0.001,-0.001,76.22,0,0
516911,2,13:54:13,35.556,139.655,0.0,0.002,0.0,76.31,0,0
517121,2,13:54:13,35.556,139.655,0.0,0.003,0.0,77.48,0,0
517332,2,13:54:13,35.556,139.655,0.006,0.003,-0.002,75.36,0,0
517543,2,13:54:14,35.556,139.655,0.001,0.003,-0.001,74.9,0,0
517753,2,13:54:14,35.556,139.655,0.027,0.01,-0.006,76.17,0,0
517962,3,13:54:14,35.556,139.655,-0.003,0.004,0.0,74.52,0,0
518173,3,13:54:14,35.556,139.655,-0.232,-0.052,0.04,76.07,0,0
518383,3,13:54:15,35.556,139.655,-0.118,-0.042,-0.014,72.15,0,0
518594,3,13:54:15,35.556,139.655,-0.32,-0.101,0.009,70.21,0,0
518803,3,13:54:15,35.556,139.655,0.058,-0.013,-0.121,70.71,0,0
519013,3,13:54:15,35.556,139.655,0.132,-0.029,-0.322,68.36,0,0
519223,3,13:54:15,35.556,139.655,-0.328,-0.038,-0.579,65.75,0,0
519432,3,13:54:16,35.556,139.655,0.103,-0.052,-0.202,27.01,0,0
519641,3,13:54:16,35.556,139.655,-0.069,0.002,-0.004,27.02,0,0
519848,3,13:54:16,35.556,139.655,0.011,0.018,0.018,27.09,0,0
520054,3,13:54:16,35.556,139.655,-0.007,0.006,0.012,27.07,0,0
520263,3,13:54:16,35.556,139.655,-0.007,0.0,0.009,27.56,0,0
520469,3,13:54:17,35.556,139.655,0.131,0.016,0.016,26.99,0,0
520676,3,13:54:17,35.556,139.655,0.134,0.016,0.027,27.63,0,0
520884,3,13:54:17,35.556,139.655,-0.034,-0.001,0.021,27.15,0,0
521093,3,13:54:17,35.556,139.655,0.101,0.01,0.029,27.3,0,0
521299,3,13:54:17,35.556,139.655,0.194,0.014,0.041,27.88,0,0
521505,3,13:54:18,35.556,139.655,0.064,0.006,0.073,28.31,0,0
521718,3,13:54:18,35.556,139.655,0.228,0.031,0.149,30.33,0,0
521929,3,13:54:18,35.556,139.655,0.204,0.011,0.147,67.37,0,0
522139,3,13:54:18,35.556,139.655,0.046,0.018,0.012,67.53,0,0
522351,3,13:54:18,35.556,139.655,-0.013,0.002,0.007,66.63,0,0
522562,3,13:54:19,35.556,139.655,0.012,0.009,0.008,66.26,0,0
522774,3,13:54:19,35.556,139.655,0.003,0.003,0.004,66.25,0,0
522983,3,13:54:19,35.556,139.655,0.047,0.027,-0.008,67.52,0,0
523192,3,13:54:19,35.556,139.655,-0.001,0.003,0.0,66.31,0,0
523405,3,13:54:20,35.556,139.655,0.006,0.0,0.006,66.73,0,0
523614,3,13:54:20,35.556,139.655,-0.002,-0.003,0.001,66.75,0,0
523825,3,13:54:20,35.556,139.655,0.001,0.002,0.0,66.24,0,0
524035,3,13:54:20,35.556,139.655,-0.003,-0.004,0.001,67.57,0,0
524245,3,13:54:20,35.556,139.655,0.0,-0.001,0.0,67.52,0,0
524456,3,13:54:21,35.556,139.655,-0.003,0.0,-0.001,67.62,0,0
524669,3,13:54:21,35.556,139.655,-0.002,0.001,0.002,66.42,0,0
524878,3,13:54:21,35.556,139.655,0.0,-0.003,-0.002,67.22,0,0
525087,3,13:54:21,35.556,139.655,0.002,-0.002,-0.001,66.39,0,0
525297,3,13:54:21,35.556,139.655,0.0,0.0,-0.001,66.35,0,0
525507,3,13:54:22,35.556,139.655,0.021,0.006,-0.003,66.81,0,0
525718,3,13:54:22,35.556,139.655,0.001,-0.001,0.0,66.5,0,0
525929,3,13:54:22,35.556,139.655,-0.001,0.002,-0.002,66.3,0,0
526138,3,13:54:22,35.556,139.655,-0.002,-0.001,0.0,66.31,0,0
526348,3,13:54:22,35.556,139.655,0.007,0.003,0.0,66.3,0,0
526561,3,13:54:23,35.556,139.655,0.012,0.0,-0.003,66.77,0,0
526773,3,13:54:23,35.556,139.655,0.008,0.002,-0.003,67.29,0,0
526982,3,13:54:23,35.556,139.655,0.026,0.004,-0.002,67.29,0,0
527191,3,13:54:23,35.556,139.655,0.02,0.007,-0.006,66.76,0,0
527401,3,13:54:24,35.556,139.655,-0.003,-0.002,-0.002,67.7,0,0
527612,3,13:54:24,35.556,139.655,-0.008,0.002,-0.002,68.14,0,0
527823,3,13:54:24,35.556,139.655,-0.006,-0.006,-0.001,66.4,0,0
528033,3,13:54:24,35.556,139.655,0.001,-0.001,0.001,67.69,0,0
528242,3,13:54:24,35.556,139.655,0.018,0.004,-0.004,66.39,0,0
528455,3,13:54:25,35.556,139.655,0.007,0.0,-0.002,104.41,0,0
528665,3,13:54:25,35.556,139.655,0.007,0.001,-0.001,68.08,0,0
528876,3,13:54:25,35.556,139.655,-0.009,-0.001,0.001,66.89,0,0
529085,3,13:54:25,35.556,139.655,-0.002,-0.003,0.0,68.06,0,0
529296,3,13:54:25,35.556,139.655,-0.001,-0.002,-0.001,68.05,0,0
529506,3,13:54:26,35.556,139.655,0.0,-0.001,0.001,67.88,0,0
529718,3,13:54:26,35.556,139.655,-0.008,-0.001,-0.002,67.3,0,0
529928,3,13:54:26,35.556,139.655,0.007,0.0,-0.001,67.18,0,0
530137,3,13:54:26,35.556,139.655,0.002,-0.002,-0.001,66.42,0,0
530347,3,13:54:27,35.556,139.655,0.002,-0.003,-0.001,67.74,0,0
530558,3,13:54:27,35.556,139.655,0.009,0.001,-0.001,67.28,0,0
530769,3,13:54:27,35.556,139.655,-0.004,-0.002,0.0,67.78,0,0
530980,3,13:54:27,35.556,139.655,0.026,0.002,-0.004,67.7,0,0
531189,3,13:54:27,35.556,139.655,0.004,0.002,-0.002,66.39,0,0
531399,3,13:54:28,35.556,139.655,0.008,0.0,-0.002,65.62,0,0
531611,3,13:54:28,35.556,139.655,-0.008,0.0,0.0,68.01,0,0
531821,3,13:54:28,35.556,139.655,0.02,0.001,-0.007,67.9,0,0
532031,3,13:54:28,35.556,139.655,-0.016,-0.003,-0.001,66.85,0,0
532241,3,13:54:28,35.556,139.655,0.003,-0.003,-0.001,67.18,0,0
532452,3,13:54:29,35.556,139.655,-0.002,-0.003,-0.001,68.23,0,0
532662,3,13:54:29,35.556,139.655,-0.001,-0.002,-0.002,66.47,0,0
532874,3,13:54:29,35.556,139.655,-0.008,-0.001,-0.001,66.51,0,0
533083,3,13:54:29,35.556,139.655,0.0,0.001,-0.001,65.89,0,0
533293,3,13:54:29,35.556,139.655,-0.01,-0.002,0.0,66.42,0,0
533504,3,13:54:30,35.556,139.655,0.0,-0.004,-0.001,67.71,0,0
533715,3,13:54:30,35.556,139.655,0.011,0.0,-0.003,66.46,0,0
533925,3,13:54:30,35.556,139.655,0.021,0.001,-0.003,68.33,0,0
534135,3,13:54:30,35.556,139.655,0.003,0.002,-0.003,66.0,0,0
534346,3,13:54:30,35.556,139.655,-0.001,0.0,-0.002,67.35,0,0
534556,3,13:54:31,35.556,139.655,0.006,-0.004,-0.002,66.88,0,0
534767,3,13:54:31,35.556,139.655,-0.013,-0.001,0.001,67.23,0,0
534977,3,13:54:31,35.556,139.655,0.001,-0.001,-0.001,66.81,0,0
535187,3,13:54:31,35.556,139.655,0.001,-0.003,0.0,66.55,0,0
535397,3,13:54:32,35.556,139.655,-0.002,-0.004,0.001,66.43,0,0
535609,3,13:54:32,35.556,139.655,-0.002,0.001,-0.001,66.89,0,0
535819,3,13:54:32,35.556,139.655,0.0,-0.001,-0.003,66.88,0,0
536030,3,13:54:32,35.556,139.655,-0.004,0.001,0.0,67.82,0,0
536238,3,13:54:32,35.556,139.655,0.024,0.008,-0.003,67.36,0,0
536450,3,13:54:33,35.556,139.655,-0.003,-0.003,-0.002,67.83,0,0
536661,3,13:54:33,35.556,139.655,0.0,-0.003,-0.002,66.81,0,0
536870,3,13:54:33,35.556,139.655,0.006,0.002,-0.002,66.43,0,0
537081,3,13:54:33,35.556,139.655,-0.012,-0.002,-0.001,67.69,0,0
537291,3,13:54:33,35.556,139.655,-0.001,0.001,-0.001,67.76,0,0
537503,3,13:54:34,35.556,139.655,0.001,0.001,-0.001,66.54,0,0
537714,3,13:54:34,35.556,139.655,-0.007,-0.006,-0.001,66.92,0,0
537924,3,13:54:34,35.556,139.655,-0.012,-0.003,0.0,67.33,0,0
538134,3,13:54:34,35.556,139.655,0.002,-0.004,-0.002,66.49,0,0
538344,3,13:54:34,35.556,139.655,0.001,-0.001,-0.001,67.82,0,0
538556,3,13:54:35,35.556,139.655,0.001,0.001,-0.003,66.92,0,0
538766,3,13:54:35,35.556,139.655,0.001,0.0,0.0,67.27,0,0
538977,3,13:54:35,35.556,139.655,-0.002,0.0,-0.001,67.81,0,0
539187,3,13:54:35,35.556,139.655,0.0,0.004,-0.001,66.47,0,0
539397,3,13:54:36,35.556,139.655,0.002,0.002,0.0,66.56,0,0
539607,3,13:54:36,35.556,139.655,-0.001,-0.002,0.001,67.36,0,0
539818,3,13:54:36,35.556,139.655,0.002,0.002,0.0,66.52,0,0
540030,3,13:54:36,35.556,139.655,0.002,0.001,0.001,66.45,0,0
540239,3,13:54:36,35.556,139.655,0.0,-0.001,0.0,66.6,0,0
540449,3,13:54:37,35.556,139.655,0.0,-0.003,0.002,66.45,0,0
540660,3,13:54:37,35.556,139.655,0.0,-0.001,0.002,67.8,0,0
540870,3,13:54:37,35.556,139.655,-0.001,0.002,0.002,67.78,0,0
541080,3,13:54:37,35.556,139.655,0.002,-0.001,0.001,67.26,0,0
541291,3,13:54:37,35.556,139.655,0.0,0.0,0.002,66.89,0,0
541501,3,13:54:38,35.556,139.655,0.0,0.002,-0.001,67.29,0,0
541711,3,13:54:38,35.556,139.655,-0.002,0.0,0.0,66.45,0,0
541921,3,13:54:38,35.556,139.655,0.0,0.0,0.0,66.46,0,0
542131,3,13:54:38,35.556,139.655,-0.003,-0.002,-0.002,67.76,0,0
542343,3,13:54:38,35.556,139.655,-0.007,0.0,0.0,67.82,0,0
542553,3,13:54:39,35.556,139.655,-0.006,-0.002,0.001,66.43,0,0
542765,3,13:54:39,35.556,139.655,-0.008,-0.002,0.002,67.69,0,0
542976,3,13:54:39,35.556,139.655,0.013,0.004,-0.003,66.52,0,0
543186,3,13:54:39,35.556,139.655,0.007,0.002,-0.002,67.79,0,0
543396,3,13:54:40,35.555,139.655,0.002,-0.002,-0.001,66.53,0,0
543607,3,13:54:40,35.555,139.655,0.004,0.0,0.001,66.86,0,0
543819,3,13:54:40,35.555,139.655,0.006,-0.001,-0.001,66.19,0,0
544030,3,13:54:40,35.555,139.655,-0.001,-0.001,0.0,66.94,0,0
544240,3,13:54:40,35.555,139.655,0.007,0.001,-0.002,66.95,0,0
544449,3,13:54:41,35.555,139.655,0.008,0.001,-0.004,67.82,0,0
544659,3,13:54:41,35.555,139.655,-0.008,0.004,0.001,66.56,0,0
544869,3,13:54:41,35.555,139.655,0.009,-0.001,-0.002,66.54,0,0
545078,3,13:54:41,35.555,139.655,0.001,0.002,-0.001,66.45,0,0
545289,3,13:54:41,35.555,139.655,0.011,-0.001,-0.002,67.46,0,0
545500,3,13:54:42,35.555,139.655,-0.031,-0.006,0.007,68.23,0,0
545712,3,13:54:42,35.555,139.655,0.011,-0.001,-0.002,66.96,0,0
545921,3,13:54:42,35.555,139.655,0.003,-0.003,0.001,67.83,0,0
546131,3,13:54:42,35.555,139.655,0.009,0.001,-0.001,69.12,0,0
546342,3,13:54:42,35.555,139.655,-0.022,-0.003,0.008,67.05,0,0
546552,3,13:54:43,35.555,139.655,0.021,-0.001,-0.003,66.11,0,0
546764,3,13:54:43,35.555,139.655,-0.008,-0.006,0.004,66.9,0,0
546976,3,13:54:43,35.555,139.655,0.007,0.0,-0.003,68.64,0,0
547184,3,13:54:43,35.555,139.655,0.002,0.001,-0.001,68.21,0,0
547394,3,13:54:44,35.555,139.655,0.001,-0.002,-0.001,67.38,0,0
547605,3,13:54:44,35.555,139.655,-0.003,-0.002,0.004,67.87,0,0
547815,3,13:54:44,35.555,139.655,-0.019,-0.002,0.002,66.52,0,0
548025,3,13:54:44,35.555,139.655,0.01,0.002,0.0,66.44,0,0
548235,4,13:54:44,35.555,139.655,0.002,-0.002,-0.002,66.46,0,0
548446,4,13:54:45,35.555,139.655,0.002,0.0,-0.001,66.5,0,0
548657,4,13:54:45,35.555,139.655,0.002,0.0,-0.001,67.31,0,0
548868,4,13:54:45,35.555,139.655,0.003,-0.002,-0.001,66.42,0,0
549077,4,13:54:45,35.555,139.655,0.0,-0.001,-0.001,66.78,0,0
549287,4,13:54:45,35.555,139.655,-0.001,0.001,0.001,65.95,0,0
549498,4,13:54:46,35.555,139.655,0.0,0.006,0.001,68.19,0,0
549708,4,13:54:46,35.555,139.655,-0.002,0.0,0.0,68.52,0,0
549918,4,13:54:46,35.555,139.655,0.0,0.0,0.001,66.78,0,0
550128,4,13:54:46,35.555,139.655,-0.001,0.002,0.0,67.19,0,0
550339,4,13:54:46,35.555,139.655,0.0,0.001,0.001,66.85,0,0
550550,4,13:54:47,35.555,139.655,0.0,-0.002,0.001,66.41,0,0
550761,4,13:54:47,35.555,139.655,0.011,0.002,0.0,67.68,0,0
550973,4,13:54:47,35.555,139.655,-0.013,0.001,0.001,67.25,0,0
551182,4,13:54:47,35.555,139.655,-0.001,0.001,0.001,67.63,0,0
551391,4,13:54:48,35.555,139.655,-0.001,0.002,0.0,66.39,0,0
551602,4,13:54:48,35.555,139.655,-0.001,0.001,0.0,66.11,0,0
551814,4,13:54:48,35.555,139.655,-0.001,0.002,0.0,68.15,0,0
552024,4,13:54:48,35.555,139.655,0.004,-0.001,0.001,68.03,0,0
552234,4,13:54:48,35.555,139.655,0.002,0.0,-0.001,67.78,0,0
552444,4,13:54:49,35.555,139.655,-0.009,-0.004,0.002,67.33,0,0
552655,4,13:54:49,35.555,139.655,0.0,-0.001,0.001,67.68,0,0
552865,4,13:54:49,35.555,139.655,0.001,-0.002,0.0,67.23,0,0
553075,4,13:54:49,35.555,139.655,0.0,0.002,-0.001,67.35,0,0
553285,4,13:54:49,35.555,139.655,0.002,0.001,-0.001,67.74,0,0
553497,4,13:54:50,35.555,139.655,-0.001,-0.002,0.001,67.67,0,0
553707,4,13:54:50,35.555,139.655,-0.002,0.001,0.0,66.82,0,0
553918,4,13:54:50,35.555,139.655,0.002,0.0,0.002,66.5,0,0
554127,4,13:54:50,35.555,139.655,0.002,-0.004,0.003,66.48,0,0
554338,4,13:54:50,35.555,139.655,0.001,0.0,0.003,66.79,0,0
554548,4,13:54:51,35.555,139.655,-0.003,0.003,0.0,67.28,0,0
554758,4,13:54:51,35.555,139.655,-0.002,0.001,0.0,67.71,0,0
554969,4,13:54:51,35.555,139.655,0.001,0.0,0.0,67.24,0,0
555177,4,13:54:51,35.555,139.655,-0.001,0.0,-0.001,67.32,0,0
555388,4,13:54:52,35.555,139.655,0.003,0.002,0.0,66.58,0,0
555600,4,13:54:52,35.555,139.655,0.001,-0.001,0.001,66.41,0,0
555811,4,13:54:52,35.555,139.655,0.001,-0.001,-0.001,67.75,0,0
556021,4,13:54:52,35.555,139.655,0.0,0.001,0.0,66.9,0,0
556231,4,13:54:52,35.555,139.655,-0.001,0.001,0.0,68.15,0,0
556442,4,13:54:53,35.555,139.655,0.001,-0.002,0.0,66.46,0,0
556657,4,13:54:53,35.555,139.655,-0.001,-0.001,-0.001,66.86,0,0
556866,5,13:54:53,35.555,139.655,-0.001,0.002,-0.001,66.45,0,0
558335,5,13:54:54,35.555,139.655,-0.001,0.002,0.0,66.94,0,0
558625,5,13:54:55,35.555,139.655,0.001,-0.001,-0.001,66.53,0,0
558905,5,13:54:55,35.555,139.655,-0.003,0.0,0.001,66.85,0,0
559165,5,13:54:55,35.555,139.655,0.001,0.0,0.0,66.5,0,0
559428,5,13:54:56,35.555,139.655,0.002,0.0,0.0,66.5,0,0
559730,5,13:54:56,35.555,139.655,0.0,-0.001,0.0,66.11,0,0
560013,5,13:54:56,35.555,139.655,0.002,0.0,-0.143,67.78,0,0
560272,5,13:54:56,35.555,139.655,-0.001,-0.001,0.0,66.83,0,0
560534,5,13:54:57,35.555,139.655,0.002,-0.001,0.002,68.29,0,0
560802,5,13:54:57,35.555,139.655,0.0,0.001,0.001,66.6,0,0
561071,5,13:54:57,35.555,139.655,-0.001,-0.001,0.001,66.43,0,0
561335,5,13:54:57,35.555,139.655,-0.001,0.006,-0.001,67.85,0,0
561603,5,13:54:58,35.555,139.655,0.0,-0.002,0.0,66.52,0,0
561882,5,13:54:58,35.555,139.655,-0.004,-0.002,-0.001,67.39,0,0
562142,5,13:54:58,35.555,139.655,0.0,0.001,0.001,67.78,0,0
562404,5,13:54:59,35.555,139.655,0.001,0.0,0.001,66.55,0,0
562665,5,13:54:59,35.555,139.655,0.054,0.004,-0.006,66.61,0,0
562927,5,13:54:59,35.555,139.655,-0.004,-0.006,0.003,66.12,0,0
563186,5,13:54:59,35.555,139.655,0.031,0.002,-0.003,68.19,0,0
563469,5,13:55:00,35.555,139.655,0.001,0.001,0.0,66.54,0,0
563758,5,13:55:00,35.555,139.655,-0.001,0.0,0.002,67.42,0,0
564039,5,13:55:00,35.555,139.655,-0.007,0.0,0.003,67.39,0,0
564339,5,13:55:00,35.555,139.655,-0.003,0.002,0.002,66.15,0,0
564642,5,13:55:01,35.555,139.655,0.002,0.0,-0.001,66.58,0,0
564942,5,13:55:01,35.555,139.655,-0.003,0.0,-0.001,66.91,0,0
565231,5,13:55:01,35.555,139.655,0.004,0.001,0.0,68.62,0,0
565514,5,13:55:02,35.555,139.655,0.112,-0.011,0.014,66.95,0,0
565806,5,13:55:02,35.555,139.655,0.287,-0.023,0.012,66.6,100,100
566092,5,13:55:02,35.555,139.655,-0.027,-0.004,-0.002,67.75,100,100
566374,5,13:55:03,35.555,139.655,-0.326,-0.013,0.084,68.23,100,100
566662,5,13:55:03,35.555,139.655,-0.034,0.01,0.014,66.24,100,100
566950,5,13:55:03,35.555,139.655,-0.004,-0.02,0.028,68.0,100,100
567224,5,13:55:03,35.555,139.655,-0.019,-0.002,-0.006,66.28,100,100
567501,5,13:55:04,35.555,139.655,-0.037,0.008,0.002,67.33,100,100
567786,5,13:55:04,35.555,139.655,-0.011,-0.02,0.008,67.52,100,100
568054,5,13:55:04,35.555,139.655,0.003,-0.002,0.006,67.15,100,100
568327,5,13:55:04,35.555,139.655,0.0,-0.004,0.004,66.39,100,100
568602,5,13:55:05,35.555,139.655,-0.008,0.002,0.001,67.57,100,100
568877,5,13:55:05,35.555,139.655,-0.004,-0.001,0.0,68.4,100,100
569156,5,13:55:05,35.555,139.655,-0.003,0.002,0.001,68.86,100,100
569439,5,13:55:06,35.555,139.655,-0.002,-0.002,0.001,68.04,100,100
569719,5,13:55:06,35.555,139.655,-0.003,0.0,0.003,66.68,100,100
570003,5,13:55:06,35.555,139.655,-0.012,0.002,0.004,66.37,100,100
570283,5,13:55:06,35.555,139.655,0.003,0.0,0.001,66.74,100,100
570572,5,13:55:07,35.555,139.655,0.001,-0.001,-0.002,68.51,100,100
570862,5,13:55:07,35.555,139.655,-0.004,-0.007,0.002,66.33,100,100
571151,5,13:55:07,35.555,139.655,0.001,-0.001,0.001,68.38,100,100
571430,5,13:55:08,35.555,139.655,0.0,0.002,-0.003,67.12,100,100
571725,5,13:55:08,35.555,139.655,-0.008,-0.003,0.002,66.78,100,100
572005,5,13:55:08,35.555,139.655,0.012,0.007,0.001,66.6,100,100
572277,5,13:55:08,35.555,139.655,-0.008,0.007,-0.006,67.14,100,100
572557,5,13:55:09,35.555,139.655,0.0,-0.001,0.0,67.44,100,100
572838,5,13:55:09,35.555,139.655,-0.012,-0.001,0.001,68.12,100,100
573109,5,13:55:09,35.555,139.655,0.004,0.002,-0.003,68.47,100,100
573358,5,13:55:10,35.555,139.655,0.002,0.0,0.001,66.78,100,100
573658,5,13:55:10,35.555,139.655,-0.003,0.0,-0.001,68.02,100,100
573939,5,13:55:10,35.555,139.655,0.018,0.008,-0.006,68.42,100,100
574209,5,13:55:10,35.555,139.655,-0.027,-0.008,0.003,67.13,100,100
574489,5,13:55:11,35.555,139.655,0.01,0.016,-0.011,68.36,100,100
574772,5,13:55:11,35.555,139.655,0.007,0.004,-0.002,68.83,100,100
575047,5,13:55:11,35.555,139.655,-0.023,-0.011,0.006,66.78,100,100
575332,5,13:55:11,35.555,139.655,-0.027,-0.01,0.009,68.12,100,100
575621,5,13:55:12,35.555,139.655,0.006,0.004,-0.001,66.64,100,100
575922,5,13:55:12,35.555,139.655,-0.001,0.001,0.0,67.18,100,100
576196,5,13:55:12,35.555,139.655,0.014,0.004,-0.002,67.22,100,100
576486,5,13:55:13,35.555,139.655,0.01,0.003,-0.001,67.26,100,100
576769,5,13:55:13,35.555,139.655,0.006,-0.001,-0.001,66.35,93.0,100
577046,5,13:55:13,35.555,139.655,0.007,0.003,-0.006,66.84,93.0,100
577326,5,13:55:13,35.555,139.655,0.014,0.011,-0.007,73.88,100,100
577609,5,13:55:14,35.555,139.655,-0.023,-0.008,0.007,67.29,100,100
577897,5,13:55:14,35.555,139.655,-0.004,0.003,-0.001,68.89,100,100
578174,5,13:55:14,35.555,139.655,0.003,0.004,-0.002,68.06,100,100
578457,5,13:55:15,35.555,139.655,-0.003,-0.001,0.0,66.82,100,100
578747,5,13:55:15,35.555,139.655,0.001,0.0,0.0,67.79,94.0,100
579023,5,13:55:15,35.555,139.655,-0.004,-0.002,0.0,67.13,90.0,100
579304,5,13:55:15,35.555,139.655,-0.001,-0.003,0.0,66.71,88.0,100
579602,5,13:55:16,35.555,139.655,-0.002,0.001,-0.001,68.53,88.0,100
579909,5,13:55:16,35.555,139.655,-0.001,-0.002,0.001,68.41,88.0,100
580186,5,13:55:16,35.555,139.655,0.001,0.0,0.001,66.41,86.0,100
580480,5,13:55:17,35.555,139.655,-0.026,-0.007,0.006,67.28,86.0,100
580775,5,13:55:17,35.555,139.655,0.018,0.008,-0.006,67.16,100,100
581047,5,13:55:17,35.555,139.655,-0.023,0.002,0.013,67.22,100,100
581323,5,13:55:17,35.555,139.655,-0.002,0.001,0.016,66.75,100,100
581597,5,13:55:18,35.555,139.655,0.022,0.01,-0.004,67.24,100,100
581873,5,13:55:18,35.555,139.655,0.001,0.01,-0.012,67.17,100,100
582142,5,13:55:18,35.555,139.655,-0.012,0.003,0.002,68.83,100,100
582416,5,13:55:19,35.555,139.655,0.001,0.006,0.004,67.16,100,100
582708,5,13:55:19,35.555,139.655,-0.01,0.003,0.006,68.51,100,100
582981,5,13:55:19,35.555,139.655,0.01,0.006,-0.002,67.2,100,100
583254,5,13:55:19,35.555,139.655,-0.003,0.003,0.004,67.21,100,100
583502,5,13:55:20,35.555,139.655,0.003,0.003,0.006,67.24,100,100
583777,5,13:55:20,35.555,139.655,-0.004,0.0,0.001,67.18,100,100
584049,5,13:55:20,35.555,139.655,0.047,0.019,-0.013,67.36,100,100
584315,5,13:55:20,35.555,139.655,0.063,0.028,-0.007,69.01,100,100
584591,5,13:55:21,35.555,139.655,-0.154,-0.064,0.05,67.4,100,100
584884,5,13:55:21,35.555,139.655,-0.001,-0.001,0.008,66.91,100,100
585159,5,13:55:21,35.555,139.655,0.012,0.013,-0.006,67.75,100,100
585431,5,13:55:22,35.555,139.655,0.001,0.002,0.001,66.98,100,100
585704,5,13:55:22,35.555,139.655,0.003,0.004,0.003,66.93,100,100
585981,5,13:55:22,35.555,139.655,0.0,0.002,-0.001,68.6,100,100
586249,5,13:55:22,35.555,139.655,-0.006,0.0,0.001,66.95,100,100
586529,5,13:55:23,35.555,139.655,0.024,0.009,0.001,67.44,100,91.0
586804,5,13:55:23,35.555,139.655,0.021,0.011,0.001,68.22,100,88.0
587087,5,13:55:23,35.555,139.655,-0.001,-0.002,0.001,68.21,100,85.0
587357,5,13:55:24,35.555,139.655,0.018,0.007,-0.002,66.56,100,100
587635,5,13:55:24,35.555,139.655,-0.012,-0.002,0.007,67.28,100,100
587917,5,13:55:24,35.555,139.655,0.002,0.003,0.002,67.87,100,100
588189,5,13:55:24,35.555,139.655,-0.002,0.0,-0.001,67.31,100,100
588478,5,13:55:25,35.555,139.655,0.004,0.003,0.002,68.59,100,100
588761,5,13:55:25,35.555,139.655,0.006,0.002,-0.001,67.87,100,84.0
589047,5,13:55:25,35.555,139.655,0.008,0.0,-0.003,68.93,100,100
589335,5,13:55:25,35.555,139.655,0.006,0.0,0.0,67.33,100,100
589619,5,13:55:26,35.555,139.655,0.006,0.001,-0.002,67.36,100,100
589919,5,13:55:26,35.555,139.655,0.0,-0.003,-0.001,67.71,100,84.0
590195,5,13:55:26,35.555,139.655,-0.007,0.006,0.008,73.26,100,85.0
590481,5,13:55:27,35.555,139.655,0.003,0.003,-0.001,67.34,100,85.0
590762,5,13:55:27,35.555,139.655,0.008,0.002,-0.001,67.66,100,85.0
591047,5,13:55:27,35.555,139.655,-0.003,-0.003,-0.001,67.37,100,86.0
591323,5,13:55:27,35.555,139.655,-0.001,-0.001,-0.002,68.14,100,86.0
591592,5,13:55:28,35.555,139.655,-0.001,-0.003,-0.001,67.52,100,87.0
591885,5,13:55:28,35.555,139.655,0.02,0.008,-0.006,68.59,100,87.0
592162,5,13:55:28,35.555,139.655,-0.122,-0.058,0.044,68.61,100,87.0
592448,5,13:55:29,35.555,139.655,0.01,0.001,-0.008,66.9,100,88.0
592727,5,13:55:29,35.555,139.655,-0.004,-0.004,0.004,67.4,100,87.0
593007,5,13:55:29,35.555,139.655,-0.008,-0.001,0.007,67.38,100,87.0
593288,5,13:55:29,35.555,139.655,0.01,-0.003,-0.004,67.32,100,87.0
593562,5,13:55:30,35.555,139.655,0.004,0.009,0.007,67.78,100,87.0
593871,5,13:55:30,35.555,139.655,0.0,0.002,0.0,68.92,100,87.0
594151,5,13:55:30,35.555,139.655,0.003,0.002,0.0,68.87,100,87.0
594437,5,13:55:31,35.555,139.655,0.0,-0.001,-0.001,68.07,100,87.0
594721,5,13:55:31,35.555,139.655,-0.002,0.0,0.003,67.65,100,86.0
594998,5,13:55:31,35.555,139.655,0.004,0.001,-0.001,68.89,100,87.0
595280,5,13:55:31,35.555,139.655,0.0,0.002,0.001,68.46,100,87.0
595562,5,13:55:32,35.555,139.655,-0.006,0.002,-0.001,67.49,100,88.0
595852,5,13:55:32,35.555,139.655,-0.004,-0.003,0.0,67.64,100,89.0
596130,5,13:55:32,35.555,139.655,0.003,0.003,-0.002,68.93,100,90.0
596410,5,13:55:33,35.555,139.655,-0.003,0.001,-0.002,67.08,100,91.0
596699,5,13:55:33,35.555,139.655,0.022,0.01,-0.006,67.25,100,92.0
596983,5,13:55:33,35.555,139.655,0.001,0.008,0.002,67.52,100,93.0
597258,5,13:55:33,35.555,139.655,0.003,0.002,0.001,68.79,100,93.0
597530,5,13:55:34,35.555,139.655,-0.028,-0.012,0.001,67.17,100,94.0
597817,5,13:55:34,35.555,139.655,0.001,0.009,-0.001,69.25,100,100
598093,5,13:55:34,35.555,139.655,-0.001,0.008,-0.002,69.22,100,100
598379,5,13:55:35,35.555,139.655,0.0,0.004,-0.001,68.73,100,100
598660,5,13:55:35,35.555,139.655,-0.001,0.0,-0.001,68.79,100,100
598958,5,13:55:35,35.555,139.655,0.008,0.004,-0.002,68.38,100,100
599238,5,13:55:35,35.555,139.655,0.001,0.004,-0.001,68.35,100,100
599517,5,13:55:36,35.555,139.655,-0.01,-0.006,0.001,67.49,100,100
599803,5,13:55:36,35.555,139.655,-0.008,0.0,0.006,67.52,100,100
600076,5,13:55:36,35.555,139.655,0.032,0.022,-0.006,68.21,100,100
600354,5,13:55:36,35.555,139.655,-0.077,-0.038,0.024,68.8,100,100
600654,5,13:55:37,35.555,139.655,-0.018,0.001,0.003,68.71,100,100
600938,5,13:55:37,35.555,139.655,-0.002,0.006,0.003,69.17,100,100
601213,5,13:55:37,35.555,139.655,-0.004,0.0,0.004,69.19,100,100
601493,5,13:55:38,35.555,139.655,-0.009,0.002,0.002,68.67,100,100
601776,5,13:55:38,35.555,139.655,-0.002,-0.002,-0.002,67.87,100,100
602066,5,13:55:38,35.555,139.655,0.009,0.004,-0.002,68.2,100,100
602345,5,13:55:38,35.555,139.655,0.001,0.006,-0.003,73.75,100,100
602635,5,13:55:39,35.555,139.655,-0.003,-0.011,0.004,67.42,100,100
602939,5,13:55:39,35.555,139.655,-0.007,-0.001,0.0,68.67,100,100
603217,5,13:55:39,35.555,139.655,0.007,0.01,0.003,67.4,100,100
603507,5,13:55:40,35.555,139.655,0.004,0.0,-0.002,67.05,100,100
603790,5,13:55:40,35.555,139.655,-0.01,-0.001,0.002,67.39,100,100
604069,5,13:55:40,35.555,139.655,0.003,0.006,0.006,69.43,100,100
604345,5,13:55:40,35.555,139.655,0.0,0.0,0.0,68.52,100,100
604631,5,13:55:41,35.555,139.655,0.006,0.001,-0.003,68.65,100,100
604911,5,13:55:41,35.555,139.655,-0.003,-0.003,-0.007,67.76,100,100
605189,5,13:55:41,35.555,139.655,0.0,-0.001,0.006,67.48,100,100
605473,5,13:55:42,35.555,139.655,0.001,0.004,0.009,69.09,100,100
605753,5,13:55:42,35.555,139.655,0.0,-0.003,0.0,67.82,100,100
606028,5,13:55:42,35.555,139.655,0.004,0.002,-0.003,67.29,100,100
606277,5,13:55:42,35.555,139.655,-0.001,-0.003,0.0,67.74,100,100
606558,5,13:55:43,35.555,139.655,0.0,-0.002,-0.002,69.22,100,100
606866,5,13:55:43,35.555,139.655,0.001,0.001,0.004,69.46,100,100
607143,5,13:55:43,35.555,139.655,0.001,0.001,-0.001,67.36,100,100
607433,5,13:55:44,35.555,139.655,0.006,0.001,-0.003,67.37,94.0,100
607718,5,13:55:44,35.555,139.655,0.001,0.002,-0.003,68.21,94.0,100
607999,5,13:55:44,35.555,139.655,-0.004,0.002,0.001,67.38,93.0,100
608276,5,13:55:44,35.555,139.655,0.009,0.003,0.0,68.15,93.0,100
608560,5,13:55:45,35.555,139.655,-0.001,-0.002,0.0,69.08,94.0,100
608840,5,13:55:45,35.555,139.655,-0.004,0.002,0.006,68.93,92.0,100
609117,5,13:55:45,35.555,139.655,-0.011,-0.003,0.002,75.36,94.0,100
609392,5,13:55:46,35.555,139.655,-0.001,0.0,-0.001,68.92,94.0,100
609684,5,13:55:46,35.555,139.655,0.004,-0.006,-0.01,67.71,94.0,100
609963,5,13:55:46,35.555,139.655,0.001,-0.002,-0.004,67.31,94.0,100
610235,5,13:55:46,35.555,139.655,-0.002,0.0,-0.003,67.26,94.0,100
610514,5,13:55:47,35.555,139.655,-0.004,0.001,-0.003,68.94,100,100
610788,5,13:55:47,35.555,139.655,-0.004,0.002,0.0,67.29,100,100
611055,5,13:55:47,35.555,139.655,-0.003,-0.002,-0.002,68.99,100,100
611323,5,13:55:47,35.555,139.655,0.001,0.003,-0.001,68.94,100,100
611594,5,13:55:48,35.555,139.655,0.004,-0.003,-0.004,68.59,100,92.0
611895,5,13:55:48,35.555,139.655,-0.001,0.0,-0.004,67.68,100,90.0
612190,5,13:55:48,35.555,139.655,0.057,0.024,-0.01,68.99,100,89.0
612521,5,13:55:49,35.555,139.655,-0.048,-0.01,0.022,69.43,100,91.0
612838,5,13:55:49,35.555,139.655,0.016,-0.011,0.007,68.51,100,88.0
613141,5,13:55:49,35.555,139.655,0.01,0.002,-0.013,67.14,100,91.0
613467,5,13:55:50,35.555,139.655,-0.008,0.0,-0.001,68.42,100,91.0
613789,5,13:55:50,35.555,139.655,-0.002,0.007,0.011,67.89,100,92.0
614112,5,13:55:50,35.555,139.655,-0.009,-0.006,0.003,68.83,100,91.0
614508,5,13:55:51,35.555,139.655,-0.01,-0.003,0.011,67.09,100,92.0
614842,5,13:55:51,35.555,139.655,0.083,-0.028,0.028,67.09,100,100
615153,5,13:55:51,35.555,139.655,-0.004,0.004,-0.002,68.67,100,100
615458,5,13:55:52,35.555,139.655,0.0,0.003,0.007,68.7,100,91.0
615754,5,13:55:52,35.555,139.655,0.004,0.01,-0.001,66.91,100,91.0
616034,5,13:55:52,35.555,139.655,-0.002,0.008,0.009,69.49,100,91.0
616300,5,13:55:52,35.555,139.655,-0.126,0.041,0.012,68.23,100,89.0
616579,5,13:55:53,35.555,139.655,0.028,0.006,-0.002,65.99,100,88.0
616850,5,13:55:53,35.555,139.655,-0.014,0.0,0.004,67.67,100,89.0
617118,5,13:55:53,35.555,139.655,-0.007,-0.001,0.001,66.01,100,90.0
617387,5,13:55:54,35.555,139.655,0.004,0.0,-0.001,65.89,100,90.0
617667,5,13:55:54,35.555,139.655,-0.008,0.0,0.004,66.07,100,89.0
617936,5,13:55:54,35.555,139.655,0.003,0.002,0.002,66.05,100,89.0
618203,5,13:55:54,35.555,139.655,-0.002,-0.003,-0.003,66.78,100,90.0
618471,5,13:55:55,35.555,139.655,-0.026,-0.011,-0.003,66.66,100,90.0
618742,5,13:55:55,35.555,139.655,0.009,0.001,-0.001,67.33,100,90.0
619014,5,13:55:55,35.555,139.655,0.003,0.006,0.001,66.0,100,90.0
619290,5,13:55:55,35.555,139.655,0.004,0.004,0.0,67.75,100,90.0
619560,5,13:55:56,35.555,139.655,-0.003,0.004,0.0,66.03,100,90.0
619842,5,13:55:56,35.555,139.655,-0.008,-0.006,0.0,66.88,100,90.0
620113,5,13:55:56,35.555,139.655,-0.001,0.008,0.004,65.64,100,93.0
620382,5,13:55:57,35.555,139.655,0.009,-0.002,0.001,67.25,100,100
620663,5,13:55:57,35.555,139.655,-0.001,-0.002,-0.001,65.94,100,100
620953,5,13:55:57,35.555,139.655,0.016,0.002,-0.008,65.63,100,100
621226,5,13:55:57,35.555,139.655,0.02,-0.013,-0.002,65.6,94.0,100
621503,5,13:55:58,35.555,139.655,-0.047,-0.029,-0.009,65.65,94.0,100
621775,5,13:55:58,35.555,139.655,0.016,0.011,-0.006,65.68,100,100
622045,5,13:55:58,35.555,139.655,-0.004,-0.013,-0.024,66.4,100,100
622318,5,13:55:58,35.555,139.655,0.013,-0.002,0.028,65.55,100,100
622594,5,13:55:59,35.555,139.655,-0.07,0.011,0.001,65.52,100,100
622871,5,13:55:59,35.555,139.655,-0.002,0.003,-0.002,67.22,100,100
623147,5,13:55:59,35.555,139.655,0.001,-0.006,0.002,65.88,100,100
623418,5,13:56:00,35.555,139.655,0.0,-0.003,0.002,65.91,100,100
623690,5,13:56:00,35.555,139.655,-0.008,-0.001,-0.002,66.83,100,100
623964,5,13:56:00,35.555,139.655,-0.002,-0.001,-0.001,65.95,100,94.0
624235,5,13:56:00,35.555,139.655,-0.007,0.002,0.001,65.98,100,93.0
624511,5,13:56:01,35.555,139.655,-0.014,0.003,0.0,65.54,100,93.0
624786,5,13:56:01,35.555,139.655,-0.007,-0.001,0.0,65.54,100,94.0
625060,5,13:56:01,35.555,139.655,0.001,-0.004,-0.004,65.16,100,93.0
625334,5,13:56:01,35.555,139.655,-0.004,-0.008,-0.012,65.67,100,92.0
625613,5,13:56:02,35.555,139.655,-0.006,-0.006,0.002,67.14,100,90.0
625883,5,13:56:02,35.555,139.655,-0.028,-0.007,0.006,65.41,100,86.0
626153,5,13:56:02,35.555,139.655,0.016,0.0,-0.001,65.94,100,85.0
626422,5,13:56:03,35.555,139.655,-0.004,0.006,0.004,67.48,100,86.0
626693,5,13:56:03,35.555,139.655,-0.002,-0.001,0.006,66.58,100,88.0
626965,5,13:56:03,35.555,139.655,-0.008,-0.001,-0.013,66.78,100,89.0
627235,5,13:56:03,35.555,139.655,0.007,-0.001,0.002,67.05,100,89.0
627506,5,13:56:04,35.555,139.655,0.013,0.0,-0.004,66.28,100,88.0
627789,5,13:56:04,35.555,139.655,-0.004,-0.001,0.002,67.52,100,89.0
628066,5,13:56:04,35.555,139.655,0.007,0.002,0.0,66.26,100,89.0
628332,5,13:56:04,35.555,139.655,-0.001,0.0,-0.007,65.77,100,91.0
628604,5,13:56:05,35.555,139.655,0.001,0.0,0.002,65.71,100,91.0
628873,5,13:56:05,35.555,139.655,0.001,-0.001,0.002,65.83,100,92.0
629140,5,13:56:05,35.555,139.655,0.0,0.003,0.0,65.77,100,92.0
629410,5,13:56:06,35.555,139.655,-0.003,0.0,0.002,65.71,100,92.0
629682,5,13:56:06,35.555,139.655,-0.001,0.0,-0.001,65.32,100,92.0
629979,5,13:56:06,35.555,139.655,0.003,0.002,0.002,65.73,100,92.0
630257,5,13:56:06,35.555,139.655,-0.003,-0.003,0.001,65.75,100,92.0
630528,5,13:56:07,35.555,139.655,-0.004,-0.004,-0.002,65.73,100,91.0
630802,5,13:56:07,35.555,139.655,0.001,-0.001,0.001,4.36,100,92.0
631070,5,13:56:07,35.555,139.655,0.168,-0.033,0.011,4.43,100,100
631333,5,13:56:07,35.555,139.655,0.059,-0.008,0.006,4.42,100,100
631602,5,13:56:08,35.555,139.655,-0.008,-0.003,0.001,4.85,100,100
631873,5,13:56:08,35.555,139.655,0.01,-0.006,-0.001,5.06,100,100
632166,5,13:56:08,35.555,139.655,-0.032,0.011,-0.004,5.05,100,100
632480,5,13:56:09,35.555,139.655,0.012,-0.011,-0.009,4.76,100,100
632810,5,13:56:09,35.555,139.655,0.008,-0.002,-0.003,10.99,100,100
633114,5,13:56:09,35.555,139.655,0.014,-0.003,-0.007,8.41,100,100
633435,5,13:56:10,35.555,139.655,-0.006,-0.003,-0.001,140.48,100,100
633758,5,13:56:10,35.555,139.655,-0.029,-0.004,-0.014,7.08,100,100
634061,5,13:56:10,35.555,139.655,0.028,-0.004,0.0,6.05,100,100
634369,5,13:56:11,35.555,139.655,0.024,-0.003,0.002,4.2,100,100
634676,5,13:56:11,35.555,139.655,0.01,-0.003,-0.001,4.26,100,100
634995,5,13:56:11,35.555,139.655,-0.029,0.003,-0.002,6.32,100,100
635307,5,13:56:11,35.555,139.655,-0.018,-0.006,-0.001,6.09,100,100
635639,5,13:56:12,35.555,139.655,-0.007,-0.001,0.004,5.5,100,100
635948,5,13:56:12,35.555,139.655,-0.021,0.003,-0.001,9.47,100,100
636241,5,13:56:12,35.555,139.655,0.019,-0.003,0.001,5.86,100,100
636573,5,13:56:13,35.555,139.655,-0.037,0.003,-0.003,4.59,100,100
636891,5,13:56:13,35.555,139.655,-0.001,-0.008,-0.007,6.9,100,100
637183,5,13:56:13,35.555,139.655,-0.068,0.001,0.001,5.14,100,100
637473,5,13:56:14,35.555,139.655,-0.01,0.0,0.001,3.77,100,100
637761,5,13:56:14,35.555,139.655,-0.004,-0.001,0.002,6.08,100,100
638043,5,13:56:14,35.555,139.655,-0.001,-0.004,-0.001,4.56,100,100
638323,5,13:56:14,35.555,139.655,-0.003,-0.003,0.002,4.5,100,100
638617,5,13:56:15,35.555,139.655,-0.002,-0.002,-0.001,4.92,100,100
638936,5,13:56:15,35.555,139.655,-0.001,-0.002,-0.007,5.26,100,100
639236,5,13:56:15,35.555,139.655,-0.02,-0.009,0.003,6.96,100,100
639548,5,13:56:16,35.555,139.655,0.007,0.003,-0.001,5.39,100,100
639862,5,13:56:16,35.555,139.655,0.008,0.002,0.01,5.39,100,100
640170,5,13:56:16,35.555,139.655,-0.047,-0.018,0.019,5.62,100,100
640490,5,13:56:17,35.556,139.655,-0.008,-0.011,-0.002,5.96,100,100
640787,5,13:56:17,35.556,139.655,0.091,-0.012,-0.003,6.59,100,100
641076,5,13:56:17,35.556,139.655,0.003,-0.003,0.0,4.82,100,100
641351,5,13:56:18,35.556,139.655,-0.014,-0.007,-0.001,4.88,100,100
641647,5,13:56:18,35.556,139.655,0.0,0.0,0.003,3.4,100,100
641981,5,13:56:18,35.556,139.655,-0.04,-0.004,-0.002,3.44,100,100
642298,5,13:56:18,35.556,139.655,-0.007,-0.002,-0.002,4.23,100,100
642629,5,13:56:19,35.556,139.655,-0.002,0.001,-0.008,4.15,100,100
642923,5,13:56:19,35.556,139.655,0.007,-0.006,-0.011,4.52,100,100
643214,5,13:56:19,35.556,139.655,0.018,0.0,-0.003,4.07,100,100
643486,5,13:56:20,35.556,139.655,0.001,-0.02,-0.061,4.52,100,100
643777,5,13:56:20,35.556,139.655,-0.013,-0.008,0.007,4.21,100,100
644064,5,13:56:20,35.556,139.655,0.017,-0.004,-0.01,4.41,100,100
644364,5,13:56:21,35.556,139.655,0.029,0.003,0.009,5.0,100,100
644677,5,13:56:21,35.556,139.655,-0.002,0.001,0.008,4.45,100,100
645010,5,13:56:21,35.556,139.655,0.022,-0.001,-0.001,3.88,100,100
645348,5,13:56:21,35.556,139.655,0.014,-0.004,-0.002,4.48,100,100
645700,5,13:56:22,35.556,139.655,0.0,-0.003,-0.011,5.07,100,100
645988,5,13:56:22,35.556,139.655,-0.069,-0.001,-0.009,5.44,100,100
646328,6,13:56:22,35.556,139.655,-0.078,-0.004,-0.012,4.43,100,100
